place(18.021, 0.985, 28.976, "Scout", 250)
upgrade(18.021, 2.335, 28.976, 150)
place(15.010, 0.981, 28.959, "Scout", 250)
upgrade(15.010, 2.331, 28.959, 150)
place(11.942, 0.977, 28.898, "Scout", 250)
upgrade(11.942, 2.327, 28.898, 150)
place(8.907, 0.972, 28.840, "Scout", 250)
upgrade(8.907, 2.322, 28.840, 150)
place(17.967, 0.987, 32.085, "Scout", 250)
upgrade(17.967, 2.337, 32.085, 150)
place(14.928, 0.983, 31.977, "Scout", 250)
upgrade(14.928, 2.333, 31.977, 150)
place(11.889, 0.979, 31.956, "Scout", 250)
upgrade(11.889, 2.329, 31.956, 150)
place(8.850, 0.975, 31.882, "Scout", 250)
upgrade(8.850, 2.325, 31.882, 150)
place(16.597, 0.981, 26.325, "Scout", 250)
upgrade(16.597, 2.331, 26.325, 150)
upgrade(11.942, 2.327, 28.898, 500)
upgrade(15.010, 2.331, 28.959, 500)
upgrade(8.907, 2.322, 28.840, 500)
upgrade(18.021, 2.335, 28.976, 500)
upgrade(8.850, 2.325, 31.882, 500)
upgrade(11.889, 2.329, 31.956, 500)
upgrade(14.928, 2.333, 31.977, 500)
upgrade(17.967, 2.337, 32.085, 500)
upgrade(16.597, 2.331, 26.325, 500)
place(13.572, 0.977, 26.273, "Scout", 250)
upgrade(13.572, 2.327, 26.273, 150)
upgrade(13.572, 2.327, 26.273, 500)
upgrade(13.572, 2.327, 26.273, 2325)
upgrade(16.597, 2.331, 26.325, 2325)
upgrade(8.907, 2.322, 28.840, 2325)
upgrade(11.942, 2.327, 28.898, 2325)
upgrade(15.010, 2.331, 28.959, 2325)
upgrade(18.021, 2.335, 28.976, 2325)
place(10.478, 0.973, 26.261, "Scout", 250)
upgrade(10.478, 2.323, 26.261, 150)
upgrade(10.478, 2.323, 26.261, 500)
upgrade(10.478, 2.323, 26.261, 2325)
place(7.363, 0.968, 26.265, "Scout", 250)
upgrade(7.363, 2.318, 26.265, 150)
upgrade(7.363, 2.318, 26.265, 500)
upgrade(7.363, 2.318, 26.265, 2325)
place(5.857, 0.968, 28.861, "Scout", 250)
upgrade(5.857, 2.318, 28.861, 150)
upgrade(5.857, 2.318, 28.861, 500)
upgrade(5.857, 2.318, 28.861, 2325)
place(5.813, 0.971, 31.870, "Scout", 250)
upgrade(5.813, 2.321, 31.870, 150)
upgrade(5.813, 2.321, 31.870, 500)
upgrade(5.813, 2.321, 31.870, 2325)
upgrade(8.850, 2.325, 31.882, 2325)
upgrade(10.478, 2.323, 26.261, 5500)
upgrade(13.572, 2.327, 26.273, 5500)
upgrade(7.363, 2.318, 26.265, 5500)
upgrade(16.597, 2.331, 26.325, 5500)
upgrade(8.907, 2.322, 28.840, 5500)
upgrade(11.942, 2.327, 28.898, 5500)
upgrade(5.857, 2.318, 28.861, 5500)
upgrade(15.010, 2.331, 28.959, 5500)
upgrade(18.021, 2.335, 28.976, 5500)
upgrade(5.813, 2.321, 31.870, 5500)
upgrade(8.850, 2.325, 31.882, 5500)
upgrade(11.889, 2.329, 31.956, 2325)
upgrade(11.889, 2.329, 31.956, 5500)
upgrade(14.928, 2.333, 31.977, 2325)
upgrade(17.967, 2.337, 32.085, 2325)
place(4.348, 0.964, 26.201, "Scout", 250)
upgrade(4.348, 2.314, 26.201, 150)
upgrade(4.348, 2.314, 26.201, 500)
upgrade(4.348, 2.314, 26.201, 2325)
upgrade(4.348, 2.314, 26.201, 5500)
upgrade(17.967, 2.337, 32.085, 5500)
place(10.827, 0.971, 23.144, "Scout", 250)
upgrade(10.827, 2.321, 23.144, 150)
upgrade(10.827, 2.321, 23.144, 500)
upgrade(10.827, 2.321, 23.144, 2325)
upgrade(10.827, 2.321, 23.144, 5500)
place(7.764, 0.966, 23.275, "Scout", 250)
upgrade(7.764, 2.316, 23.275, 150)
upgrade(7.764, 2.316, 23.275, 500)
upgrade(7.764, 2.316, 23.275, 2325)
upgrade(7.764, 2.316, 23.275, 5500)
