place(8.963, 1.000, -0.090, "Scout", 250)
upgrade(8.963, 2.350, -0.090, 150)
place(11.985, 1.000, -0.109, "Scout", 250)
upgrade(11.985, 2.350, -0.109, 150)
place(8.892, 1.000, -3.148, "Scout", 250)
upgrade(8.892, 2.350, -3.148, 150)
place(11.900, 1.000, -3.127, "Scout", 250)
upgrade(11.900, 2.350, -3.127, 150)
place(8.886, 1.000, 2.990, "Scout", 250)
upgrade(8.886, 2.350, 2.990, 150)
place(11.922, 1.000, 2.913, "Scout", 250)
upgrade(11.922, 2.350, 2.913, 150)
place(14.942, 1.000, -3.205, "Scout", 250)
upgrade(14.942, 2.350, -3.205, 150)
place(15.001, 1.000, -0.110, "Scout", 250)
upgrade(15.001, 2.350, -0.110, 150)
place(14.949, 1.000, 2.934, "Scout", 250)
upgrade(14.949, 2.350, 2.934, 150)
upgrade(11.900, 2.350, -3.127, 500)
upgrade(11.985, 2.350, -0.109, 500)
upgrade(11.922, 2.350, 2.913, 500)
upgrade(8.892, 2.350, -3.148, 500)
upgrade(8.963, 2.350, -0.090, 500)
upgrade(8.886, 2.350, 2.990, 500)
upgrade(14.942, 2.350, -3.205, 500)
upgrade(15.001, 2.350, -0.110, 500)
upgrade(14.949, 2.350, 2.934, 500)
place(8.958, 1.000, 6.637, "Tesla", 3561)
upgrade(8.958, 2.348, 6.637, 2161)
place(12.411, 1.000, 5.915, "Scout", 250)
upgrade(12.411, 2.350, 5.915, 150)
upgrade(12.411, 2.350, 5.915, 500)
place(8.898, 1.000, -6.233, "Scout", 250)
upgrade(8.898, 2.350, -6.233, 150)
upgrade(8.898, 2.350, -6.233, 500)
place(11.922, 1.000, -6.206, "Scout", 250)
upgrade(11.922, 2.350, -6.206, 150)
upgrade(11.922, 2.350, -6.206, 500)
place(14.933, 1.000, -6.287, "Scout", 250)
upgrade(14.933, 2.350, -6.287, 150)
upgrade(14.933, 2.350, -6.287, 500)
upgrade(8.886, 2.350, 2.990, 2325)
upgrade(8.963, 2.350, -0.090, 2325)
upgrade(8.892, 2.350, -3.148, 2325)
upgrade(8.898, 2.350, -6.233, 2325)
place(8.894, 1.000, -9.260, "Scout", 250)
upgrade(8.894, 2.350, -9.260, 150)
upgrade(8.894, 2.350, -9.260, 500)
upgrade(8.894, 2.350, -9.260, 2325)
place(11.923, 1.000, -9.215, "Scout", 250)
upgrade(11.923, 2.350, -9.215, 150)
upgrade(11.923, 2.350, -9.215, 500)
place(14.943, 1.000, -9.312, "Scout", 250)
upgrade(14.943, 2.350, -9.312, 150)
upgrade(14.943, 2.350, -9.312, 500)
upgrade(11.923, 2.350, -9.215, 2325)
upgrade(11.922, 2.350, -6.206, 2325)
upgrade(11.900, 2.350, -3.127, 2325)
upgrade(11.985, 2.350, -0.109, 2325)
upgrade(11.922, 2.350, 2.913, 2325)
upgrade(12.411, 2.350, 5.915, 2325)
upgrade(8.958, 2.348, 6.637, 9194)
place(8.910, 1.000, -12.907, "Tesla", 8100)
upgrade(8.910, 2.348, -12.907, 7350)
upgrade(8.910, 2.348, -12.907, 5540)
upgrade(8.910, 2.348, -12.907, 10926)
upgrade(14.943, 2.350, -9.312, 2325)
upgrade(14.933, 2.350, -6.287, 2325)
upgrade(14.942, 2.350, -3.205, 2325)
upgrade(15.001, 2.350, -0.110, 2325)
upgrade(14.949, 2.350, 2.934, 2325)
upgrade(8.963, 2.350, -0.090, 5500)
upgrade(8.892, 2.350, -3.148, 5500)
upgrade(8.886, 2.350, 2.990, 5500)
